41677
5981
4920
89916
54254
96346
46365
11467
34743
2659
72580
89172
2441
46047
19414
84851
32595
86198
39578
11520
2479
69077
18852
99672
23552
80589
55345
45361
24398
33327
36258
29388
21130
56342
23755
79931
88819
65168
92731
25264
59829
32985
92335
85381
79762
99575
58744
9606
45023
18533
75641
59037
90488
65999
60964
91439
29385
57543
40074
29509
80270
66549
15877
70240
89141
7571
30215
5954
84111
54610
28593
63946
18253
43532
98669
70198
47947
43477
5064
98826
97461
84714
56631
34835
3238
2805
9708
65448
5354
91938
54992
21262
99484
77394
1614
77616
82900
6719
10596
72279
47699
30728
73744
57060
96841
4576
35229
84233
34345
11220
44439
65119
90386
58049
57056
42995
69774
81403
76134
46032
75564
11935
89598
92354
17305
93673
68231
64045
49846
39580
55540
58641
70948
37924
7872
88010
99939
41029
58447
45280
87579
4711
31891
30053
25893
83007
26242
81526
52814
78139
66924
33220
34805
94478
80153
27513
92081
8844
78741
83869
96360
63091
83284
45583
13838
83545
45946
17161
77341
52692
70977
7510
36954
27953
34930
79818
30126
97704
75721
54662
52996
15701
41105
98679
36781
39825
1157
32341
86907
1659
91256
86589
11703
40373
84576
22215
19169
20062
39910
72099
82913
21518
56631
90177
96718
94678
67038
12317
32843
12927
34908
46677
52437
46035
10242
14540
22593
99276
65811
94891
2155
44936
23869
96038
64638
91778
50646
15462
45543
97172
57758
23594
47099
56162
42617
99545
64074
35087
94233
62433
27484
8321
41097
806
94779
10834
24720
87654
37041
64040
62364
67034
22892
22147
5156
23902
50571
92553
19171
18689
86024
44222
87575
61719
99415
6576
2152
56230
48967
73393
63514
2340
73272
66924
96875
54246
69043
32667
13455
9651
35707
96693
19987
12387
72287
68992
30083
90525
64398
32305
24653
35033
66192
1119
82582
97053
5336
43959
48147
32358
531
2569
24459
69739
66999
73187
13976
97211
46584
17527
87753
29051
76571
43650
62156
79685
17509
36715
28105
3188
76012
84966
89551
83242
25294
15419
82184
8446
20237
47861
88509
6839
75159
77682
80663
72947
9559
42555
26422
37082
29063
67314
44459
8998
19734
87205
81707
58778
77991
33907
40992
65133
52522
50354
7758
78169
99191
8414
42592
8235
19965
28253
87648
91063
51333
76749
40582
67680
82067
83732
38226
98542
41367
72680
75307
55199
40550
69569
76537
40548
13527
78454
5735
22743
36709
87514
46980
34262
37835
95144
833
9106
19236
98300
4637
95425
23661
74031
30860
38316
90154
2742
66040
33462
98905
25889
25859
79010
42417
32140
54008
60457
91075
84793
61506
55899
78463
12621
95591
12036
58425
7418
2819
8914
98908
98527
84901
29047
27685
2267
8276
27565
39237
10667
55411
5691
7062
51189
86605
53203
90364
21985
88903
86572
86095
24770
63962
45835
56388
97045
98611
83311
32362
18463
20404
95850
96473
77406
81655
59307
34872
63031
13375
30805
66897
15995
56023
52404
63514
87380
35824
74709
79239
24007
8596
8004
16689
4465
10679
71389
91640
9437
62586
43430
5642
822
32270
14216
18340
99096
74206
26869
2963
27842
76734
17936
11916
39758
17928
58771
10112
27809
14569
20740
72331
15594
82123
61247
19259
44464
2166
90962
26633
36762
91194
25314
1291
17631
72341
35583
96514
80799
26718
31351
22533
8227
73286
71305
75330
64555
83608
84537
79552
36789
86382
42919
91005
18640
1346
5853
55625
54764
63340
9380
23761
50682
3516
56507
26383
97930
48008
57927
64866
6125
35801
55477
34266
58560
68305
20592
27330
30575
49302
47649
8835
6627
2783
40949
59921
90356
90563
71653
96828
27452
54227
80846
93786
85325
12775
50504
50757
10995
24896
4832
9094
60282
19617
95581
88890
31266
97184
46936
37449
80393
32329
78110
34975
70397
54333
29901
63424
76148
11857
8504
38599
42534
8059
55987
20307
7758
84273
86829
77626
96121
63401
72612
18720
88617
97400
86063
30017
68080
44765
23391
2303
63469
42629
17188
42927
15758
92827
20959
54015
18237
2139
34189
53608
610
68697
4117
63461
6199
52255
13725
26688
19925
86870
35042
86122
65462
13413
76565
44239
19409
42901
35742
18333
53223
95941
87498
7402
1932
35326
60604
64422
18693
8023
87290
18948
56541
80142
44792
17679
50494
24007
98957
1857
30898
62114
91235
77820
51479
64410
68733
65130
3841
39837
94499
82908
46402
31313
44631
86698
66937
82172
92874
38299
54957
57400
78180
32668
84772
40416
11924
31798
37252
95105
33598
11530
33544
67802
85544
12113
40023
85456
48652
10389
43520
53322
28576
30385
65120
23725
49105
34376
99636
66471
59425
65902
50667
53451
67265
14991
71128
47659
14751
93690
10679
19968
88546
42227
97552
54145
32143
26459
1553
42732
21674
38403
23925
12943
65302
71573
74125
10484
84051
38363
52273
18222
31536
94431
48786
64924
77774
21758
37310
20102
55371
5564
30853
31182
73025
79186
78468
12338
93220
72840
26800
47332
83165
62668
5271
209
65242
51978
64247
5644
80726
5904
96571
26187
36734
45277
77408
45898
51891
19304
52896
21411
32920
97170
30904
18717
74588
56846
20489
76835
36126
29540
93956
63518
68960
66866
47297
45779
19572
23256
60520
59771
68283
70712
63791
86007
5205
92098
93029
79232
4633
11406
33877
95234
29879
19152
93878
56043
16178
77017
10180
67198
42628
82850
78414
79969
86822
72239
84105
78381
66843
93536
56207
90253
86246
50265
65417
20135
44133
50066
26401
65737
60039
21416
88474
33263
82858
70195
48388
85322
91454
42020
5061
89661
39965
62043
69334
40323
10573
17323
77024
54937
70280
1967
76908
20902
41961
31918
63629
69089
72002
76570
49031
67982
41572
67182
6197
41938
22948
7549
27893
6173
96878
22064
36326
86810
1888
31892
27066
50974
79673
38662
50671
36926
53378
68936
48993
99752
45619
34743
54873
74900
72818
49155
32793
59613
71000
88085
94051
24529
32783
85544
22615
84455
12007
88887
75416
68308
95582
20334
86307
64000
97612
96550
24625
36267
38590
93983
64920
45816
10832
38941
62043
70798
73538
37176
25961
27396
82995
17286
40576
18882
40866
79120
35222
85816
22519
54395
7302
40482
49526
30410
40715
31350
29090
12347
89177
94758
82137
43295
85652
85485
5042
8367
14639
26406
19911
28928
10440
60346
11351
33414
82822
27727
27648
92771
11627
87266
63308
64314
91518
35935
75928
