-9
-2
99
109
111
115
158
178
187
198
212
218
219
247
257
274
276
315
378
378
380
416
444
544
550
551
560
572
605
646
675
676
711
725
731
771
816
846
850
866
871
907
916
967
970
981
994
1023
1041
1044
1058
1072
1099
1112
1130
1139
1141
1165
1173
1185
1212
1227
1239
1252
1263
1280
1318
1344
1364
1383
1424
1437
1445
1460
1461
1483
1503
1510
1524
1548
1557
1560
1565
1597
1636
1639
1669
1688
1691
1696
1717
1727
1742
1762
1765
1781
1789
1814
1820
1834
1848
1857
1905
1906
1948
1952
1959
2018
2020
2032
2059
2060
2111
2116
2228
2287
2344
2377
2424
2467
2477
2488
2499
2570
2577
2590
2602
2646
2648
2720
2721
2723
2730
2761
2816
2865
2868
2880
2892
2893
2931
2981
2982
2997
3029
3030
3043
3049
3059
3074
3097
3101
3116
3133
3151
3241
3257
3258
3264
3295
3309
3345
3353
3359
3360
3405
3450
3455
3459
3477
3493
3504
3534
3581
3592
3607
3641
3666
3706
3714
3718
3763
3770
3777
3817
3835
3846
3857
3875
3899
3916
3952
3971
3979
3994
4012
4019
4020
4025
4036
4077
4093
4105
4139
4140
4151
4176
4183
4188
4230
4241
4244
4295
4298
4300
4324
4364
4376
4387
4394
4465
4484
4509
4536
4538
4555
4560
4561
4709
4721
4831
4839
4846
4875
4886
4894
4900
4946
5029
5034
5041
5061
5071
5080
5081
5113
5149
5160
5167
5178
5188
5194
5230
5232
5324
5332
5338
5340
5415
5427
5441
5507
5543
5562
5603
5619
5623
5649
5667
5681
5714
5751
5767
5818
5830
5850
5894
5938
5965
6019
6052
6079
6084
6088
6092
6093
6097
6114
6124
6149
6155
6161
6166
6177
6178
6197
6234
6255
6267
6270
6271
6278
6313
6318
6341
6347
6431
6439
6444
6482
6491
6507
6518
6594
6597
6608
6634
6636
6638
6643
6663
6667
6674
6705
6723
6729
6733
6744
6773
6777
6784
6808
6831
6836
6844
6848
6858
6874
6880
6884
6903
6907
6922
6925
6963
7002
7040
7056
7072
7090
7090
7110
7111
7124
7127
7171
7173
7243
7256
7282
7294
7299
7303
7303
7322
7347
7356
7361
7380
7417
7450
7480
7530
7535
7541
7571
7576
7577
7593
7613
7629
7648
7702
7724
7740
7748
7772
7804
7827
7827
7868
7873
7880
7887
7901
7910
7920
7922
7923
7941
7980
8004
8073
8076
8084
8088
8115
8146
8206
8221
8231
8265
8268
8287
8290
8299
8308
8320
8324
8345
8361
8373
8406
8409
8445
8491
8494
8520
8523
8548
8558
8565
8566
8624
8625
8651
8664
8671
8680
8705
8708
8709
8717
8778
8807
8816
8907
8909
8948
9027
9037
9049
9064
9070
9076
9088
9103
9118
9123
9137
9150
9165
9222
9226
9248
9262
9262
9273
9281
9309
9339
9346
9347
9367
9382
9393
9425
9432
9434
9441
9484
9516
9530
9538
9551
9574
9579
9602
9613
9635
9653
9673
9675
9697
9727
9749
9764
9801
9805
9856
9858
9879
9896
9916
9919
9922
9951
9956
9961
9968
9970
9997
10044
10065
10090
10092
10121
10123
10149
10154
10154
10170
10180
10183
10189
10226
10230
10231
10270
10286
10295
10311
10317
10320
10329
10376
10430
10472
10491
10500
10524
10562
10585
10617
10647
10662
10713
10733
10842
10906
10912
10920
10921
10929
10945
10952
10996
10996
10998
11005
11037
11065
11087
11113
11121
11145
11154
11162
11168
11202
11255
11305
11319
11319
11327
11362
11365
11368
11378
11383
11390
11391
11415
11490
11505
11553
11611
11645
11649
11666
11686
11708
11729
11742
11744
11764
11764
11770
11780
11788
11792
11865
11915
11976
12010
12017
12025
12031
12036
12068
12095
12110
12111
12128
12139
12156
12179
12194
12199
12232
12239
12259
12261
12278
12307
12346
12352
12353
12357
12359
12361
12367
12394
12398
12422
12447
12512
12586
12589
12605
12648
12648
12659
12666
12713
12724
12745
12782
12782
12791
12803
12807
12811
12823
12866
12874
12885
12897
12937
13008
13029
13059
13109
13110
13152
13154
13178
13181
13220
13220
13238
13266
13276
13295
13317
13361
13365
13375
13391
13393
13411
13440
13456
13463
13469
13481
13483
13488
13500
13510
13530
13534
13578
13599
13605
13628
13643
13645
13650
13663
13672
13680
13685
13711
13712
13713
13727
13766
13769
13796
13802
13805
13830
13847
13848
13862
13870
13876
13904
13905
13910
13913
13936
13944
13962
13978
13984
14010
14014
14041
14066
14074
14085
14106
14118
14149
14153
14200
14237
14255
14289
14292
14327
14384
14392
14404
14409
14416
14417
14481
14481
14503
14549
14571
14595
14602
14606
14613
14625
14629
14661
14670
14690
14694
14702
14729
14753
14777
14807
14851
14860
14868
14871
14906
14917
14988
14999
15049
15055
15063
15083
15091
15096
15124
15138
15156
15164
15240
15247
15259
15294
15308
15309
15322
15329
15348
15365
15382
15436
15452
15463
15520
15561
15564
15581
15593
15620
15621
15630
15657
15668
15698
15736
15783
15807
15809
15836
15863
15870
15911
15955
15996
16007
16048
16061
16068
16087
16091
16121
16129
16154
16162
16169
16191
16205
16228
16295
16296
16297
16314
16334
16343
16359
16366
16401
16408
16417
16425
16438
16448
16472
16477
16498
16502
16517
16554
16574
16625
16637
16740
16782
16810
16875
16881
16894
16971
16980
17022
17044
17046
17077
17090
17093
17102
17110
17124
17187
17194
17212
17217
17219
17221
17254
17273
17315
17358
17362
17366
17367
17370
17375
17382
17426
17435
17446
17453
17467
17543
17547
17550
17564
17590
17597
17598
17601
17626
17711
17736
17780
17811
17812
17830
17859
17865
17883
17909
17944
18057
18068
18090
18132
18137
18142
18142
18159
18161
18198
18214
18236
18250
18309
18329
18332
18332
18337
18357
18361
18363
18364
18398
18412
18426
18446
18480
18482
18551
18570
18590
18591
18594
18608
18651
18655
18670
18678
18706
18713
18748
18787
18808
18814
18837
18841
18850
18893
18894
18901
18907
18930
18944
18973
18973
18974
19012
19035
19057
19066
19127
19155
19164
19223
19256
19266
19283
19290
19308
19331
19331
19439
19459
19575
19604
19612
19613
19618
19628
19665
19682
19702
19717
19722
19731
19765
19771
19776
19816
19831
19835
19838
19852
19860
19873
19902
19946
19971
20022
20068
20098
20112
20117
20136
20148
20158
20167
20178
20190
20204
20210
20231
20254
20255
20256
20267
20271
20274
20307
20358
20398
20403
20410
20419
20431
20436
20535
20536
20597
20610
20613
20635
20646
20646
20657
20679
20682
20702
20707
20742
20742
20749
20807
20858
20868
20881
20885
20926
20936
20941
20947
20963
20966
20996
21003
21100
21103
21165
21196
21202
21210
21217
21219
21220
21222
21258
21261
21269
21295
21299
21299
21323
21352
21353
21354
21405
21407
21445
21462
21493
21526
21551
21560
21569
21570
21580
21585
21622
21660
21676
21680
21694
21753
21760
21760
21772
21786
21826
21827
21840
21855
21910
21928
21950
21973
21975
21977
21999
22017
22021
22024
22041
22065
22074
22080
22094
22110
22135
22163
22163
22186
22203
22216
22251
22287
22291
22296
22301
22328
22376
22402
22406
22407
22419
22437
22444
22482
22510
22520
22523
22548
22570
22591
22592
22657
22670
22670
22737
22765
22784
22791
22798
22800
22802
22814
22844
22850
22899
22900
22914
22942
22947
22976
22977
22979
22993
23022
23040
23043
23094
23101
23115
23137
23152
23234
23234
23256
23326
23363
23366
23400
23409
23419
23432
23439
23450
23470
23477
23482
23496
23555
23648
23659
23697
23711
23729
23752
23757
23763
23763
23764
23795
23796
23808
23813
23815
23856
23859
23873
23952
23959
23969
23979
23985
23986
24049
24071
24104
24106
24152
24155
24156
24169
24180
24193
24196
24243
24257
24281
24293
24294
24329
24334
24371
24400
24432
24447
24474
24484
24582
24593
24610
24615
24621
24623
24626
24724
24747
24759
24770
24775
24777
24869
24876
24884
24906
24927
24978
24992
25059
25073
25082
25089
25125
25153
25153
25177
25182
25229
25253
25259
25268
25289
25315
25336
25348
25540
25553
25578
25592
25601
25614
25659
25661
25673
25695
25695
25697
25747
25759
25777
25799
25845
25920
25949
25981
26040
26052
26063
26067
26068
26068
26078
26172
26238
26244
26260
26309
26319
26446
26490
26497
26521
26534
26587
26613
26733
26737
26797
26803
26804
26911
26914
26921
26961
26966
27013
27037
27044
27067
27073
27081
27116
27146
27161
27190
27230
27238
27243
27284
27303
27322
27329
27353
27372
27389
27390
27415
27471
27523
27529
27532
27548
27550
27561
27568
27571
27582
27602
27605
27617
27620
27630
27645
27729
27838
27842
27853
27882
27894
27936
27962
28007
28018
28040
28049
28057
28061
28116
28132
28139
28141
28167
28179
28192
28195
28200
28220
28233
28234
28235
28249
28262
28275
28311
28320
28333
28375
28415
28455
28489
28516
28525
28533
28542
28577
28592
28619
28625
28625
28630
28640
28650
28661
28683
28742
28746
28765
28779
28803
28809
28810
28920
28932
28932
28941
28957
28960
28990
28990
29004
29015
29030
29031
29066
29091
29094
29132
29136
29145
29177
29205
29245
29251
29256
29285
29294
29311
29323
29327
29331
29365
29371
29373
29388
29398
29401
29409
29412
29570
29597
29625
29638
29641
29646
29649
29650
29658
29673
29682
29715
29735
29740
29741
29768
29774
29795
29810
29822
29824
29825
29825
29837
29869
29869
29877
29918
29959
29977
29982
30078
30137
30143
30154
30169
30185
30191
30205
30235
30301
30314
30331
30339
30353
30356
30357
30359
30397
30400
30407
30412
30454
30475
30493
30496
30552
30559
30560
30561
30563
30572
30573
30609
30610
30624
30625
30657
30664
30665
30687
30690
30718
30725
30745
30745
30828
30843
30866
30870
30884
30912
30978
30983
31050
31066
31073
31097
31144
31173
31185
31189
31195
31224
31235
31264
31276
31321
31332
31397
31409
31411
31435
31437
31472
31503
31518
31527
31533
31581
31618
31631
31656
31658
31669
31680
31689
31701
31708
31710
31736
31750
31750
31799
31827
31832
31897
31902
31930
31943
31957
31962
31992
32018
32021
32030
32036
32038
32057
32064
32076
32093
32135
32178
32186
32189
32202
32208
32216
32216
32271
32272
32278
32279
32314
32348
32360
32372
32395
32401
32404
32411
32424
32431
32435
32451
32474
32496
32500
32520
32523
32536
32543
32546
32554
32554
32559
32574
32599
32604
32608
32613
32620
32624
32634
32641
32649
32658
32698
32699
32751
32757
32759
32760
32788
32828
32850
32858
32880
32881
32881
32918
32919
32928
32929
32991
33025
33027
33036
33037
33047
33126
33173
33198
33202
33207
33231
33251
33263
33287
33288
33307
33330
33362
33369
33374
33426
33436
33437
33484
33511
33555
33586
33609
33638
33664
33682
33704
33705
33721
33739
33750
33779
33781
33782
33801
33802
33824
33824
33825
33891
33926
33938
33982
33983
34030
34031
34042
34102
34103
34121
34140
34140
34151
34151
34166
34173
34179
34183
34230
34257
34322
34348
34405
34406
34427
34437
34463
34467
34485
34537
34545
34553
34559
34604
34610
34622
34623
34650
34669
34672
34686
34691
34721
34725
34736
34752
34762
34780
34785
34817
34827
34905
34908
34944
34974
35002
35051
35068
35083
35087
35105
35204
35254
35261
35271
35272
35306
35323
35361
35386
35435
35443
35446
35450
35463
35465
35490
35522
35528
35535
35544
35556
35609
35617
35694
35711
35734
35770
35785
35807
35832
35857
35876
35910
35943
35965
35968
35988
35989
36003
36005
36021
36035
36040
36046
36052
36076
36079
36095
36101
36121
36129
36131
36142
36162
36209
36242
36263
36284
36285
36335
36351
36364
36377
36380
36395
36411
36426
36468
36479
36480
36513
36514
36524
36533
36566
36570
36592
36604
36623
36648
36663
36666
36677
36680
36685
36712
36714
36745
36751
36765
36779
36782
36793
36795
36810
36841
36860
36865
36866
36896
36925
36928
36980
36982
36989
37024
37026
37135
37140
37163
37175
37185
37189
37227
37238
37251
37252
37259
37411
37419
37425
37430
37436
37455
37485
37499
37530
37533
37552
37562
37611
37618
37624
37636
37655
37656
37657
37687
37728
37730
37744
37746
37755
37781
37806
37828
37841
37847
37864
37866
37876
37906
37908
37913
37963
37995
38029
38071
38114
38121
38125
38132
38153
38173
38177
38203
38209
38209
38221
38265
38301
38320
38320
38344
38374
38387
38390
38398
38399
38430
38459
38464
38467
38501
38509
38518
38586
38620
38623
38627
38635
38639
38643
38664
38672
38702
38719
38730
38736
38743
38790
38809
38844
38847
38870
38910
38944
38954
38979
39045
39071
39079
39083
39084
39091
39098
39165
39166
39166
39194
39230
39230
39275
39287
39307
39319
39322
39328
39334
39345
39352
39356
39378
39389
39390
39392
39437
39458
39541
39542
39550
39583
39601
39614
39628
39636
39636
39637
39640
39652
39743
39759
39759
39789
39800
39806
39823
39842
39846
39854
39874
39876
39908
39927
39929
39942
39974
39991
39992
39997
39999
40004
40023
40032
40039
40062
40068
40069
40121
40169
40215
40224
40319
40329
40340
40381
40456
40477
40495
40497
40500
40546
40575
40596
40613
40693
40708
40709
40722
40736
40744
40817
40822
40830
40841
40862
40874
40911
40920
40960
41022
41049
41072
41074
41074
41100
41122
41132
41150
41154
41154
41156
41174
41201
41206
41240
41255
41262
41272
41272
41298
41341
41351
41353
41375
41387
41393
41396
41404
41426
41437
41443
41447
41467
41471
41494
41525
41551
41575
41635
41680
41700
41727
41749
41753
41780
41812
41853
41883
41920
41949
41958
41963
41969
42002
42048
42050
42053
42058
42105
42106
42118
42137
42144
42167
42197
42198
42210
42223
42224
42262
42263
42276
42293
42297
42311
42335
42335
42349
42356
42384
42397
42401
42401
42406
42424
42482
42497
42540
42548
42553
42554
42599
42630
42659
42698
42713
42728
42732
42754
42780
42786
42811
42861
42888
42900
42918
43037
43045
43071
43149
43149
43157
43169
43176
43188
43209
43215
43222
43228
43265
43294
43305
43362
43380
43394
43405
43406
43420
43432
43519
43537
43607
43618
43657
43659
43678
43681
43690
43723
43737
43760
43835
43848
43852
43879
43887
43895
43950
43950
43975
43987
44004
44012
44027
44039
44057
44082
44119
44126
44135
44182
44183
44188
44206
44214
44217
44220
44222
44222
44242
44249
44263
44265
44278
44287
44327
44330
44340
44354
44359
44368
44416
44422
44449
44453
44479
44521
44544
44571
44596
44624
44626
44663
44694
44709
44713
44737
44755
44806
44842
44845
44877
44899
44902
44958
44990
44997
45018
45048
45054
45059
45087
45097
45106
45117
45136
45167
45177
45186
45189
45203
45270
45278
45311
45334
45338
45348
45357
45357
45360
45392
45495
45509
45544
45549
45550
45558
45566
45572
45632
45658
45672
45678
45679
45688
45693
45735
45797
45828
45850
45920
45991
45991
46004
46007
46013
46019
46019
46040
46052
46054
46054
46065
46127
46140
46153
46163
46182
46186
46198
46207
46209
46293
46315
46334
46349
46405
46423
46428
46430
46463
46468
46472
46502
46668
46691
46717
46725
46727
46729
46756
46777
46790
46792
46812
46873
46881
46907
46926
46975
46977
47014
47063
47091
47093
47130
47139
47244
47245
47253
47260
47280
47291
47299
47311
47328
47339
47372
47385
47431
47435
47468
47487
47513
47529
47531
47548
47553
47558
47582
47592
47596
47615
47623
47674
47687
47692
47700
47702
47728
47745
47751
47758
47760
47763
47805
47812
47818
47844
47936
47937
47968
47969
47991
48001
48008
48014
48073
48085
48098
48143
48178
48184
48200
48234
48254
48272
48272
48275
48292
48309
48325
48329
48336
48352
48400
48452
48461
48465
48473
48489
48553
48581
48631
48667
48670
48685
48710
48770
48830
48836
48845
48851
48870
48881
48887
48898
48914
48942
48985
49040
49048
49074
49145
49147
49168
49168
49170
49179
49214
49258
49305
49344
49362
49397
49477
49505
49512
49516
49522
49533
49534
49538
49565
49572
49588
49594
49610
49677
49696
49710
49715
49731
49747
49771
49772
49787
49793
49839
49841
49857
49866
49899
49911
49923
49924
49957
49961
49967
49988
50023
50031
50044
50059
50078
50098
50149
50158
50174
50206
50241
50253
50272
50288
50298
50303
50331
50339
50353
50378
50384
50387
50401
50456
50490
50508
50512
50537
50554
50567
50676
50680
50686
50705
50720
50729
50756
50780
50800
50805
50808
50819
50838
50877
50896
50899
50900
50930
50934
51049
51058
51079
51095
51134
51209
51211
51214
51267
51315
51349
51360
51419
51454
51497
51621
51652
51657
51679
51694
51698
51699
51714
51760
51774
51784
51787
51806
51812
51830
51840
51840
51844
51890
51956
51972
51974
51982
52014
52145
52154
52164
52186
52202
52209
52210
52219
52222
52233
52269
52272
52279
52284
52290
52308
52314
52355
52385
52435
52437
52451
52462
52496
52558
52564
52615
52644
52677
52679
52693
52707
52722
52734
52751
52796
52802
52803
52864
52883
52933
52948
52994
53050
53055
53058
53102
53148
53158
53160
53173
53210
53219
53296
53336
53342
53351
53384
53442
53446
53450
53472
53506
53515
53516
53516
53516
53537
53552
53554
53594
53605
53646
53662
53677
53681
53686
53703
53717
53722
53740
53742
53743
53755
53758
53760
53772
53826
53836
53839
53863
53886
53890
53895
53895
53903
53918
53929
53977
53997
53997
54015
54058
54060
54110
54157
54162
54194
54301
54343
54361
54430
54445
54451
54467
54468
54495
54518
54533
54559
54568
54596
54607
54636
54636
54645
54646
54657
54673
54688
54696
54713
54748
54750
54763
54807
54816
54838
54840
54896
54920
54921
54927
54953
54996
55026
55047
55050
55060
55110
55113
55130
55138
55152
55161
55171
55190
55207
55222
55297
55356
55369
55399
55423
55445
55471
55484
55486
55489
55498
55507
55524
55538
55572
55584
55645
55669
55708
55737
55764
55765
55777
55790
55803
55823
55851
55855
55864
55867
55888
55897
55923
55936
55978
55999
56002
56036
56048
56048
56059
56095
56097
56101
56132
56147
56181
56234
56235
56251
56252
56299
56303
56335
56379
56408
56411
56415
56510
56573
56606
56613
56621
56628
56655
56667
56685
56712
56810
56829
56829
56831
56876
56913
56922
56950
56969
56973
56991
57022
57034
57035
57038
57088
57093
57104
57108
57111
57148
57158
57170
57189
57192
57199
57208
57229
57242
57251
57253
57262
57269
57283
57331
57337
57346
57375
57387
57416
57491
57494
57498
57503
57523
57536
57545
57580
57590
57621
57667
57728
57730
57751
57754
57769
57800
57804
57813
57852
57888
57902
57911
57933
57944
57956
57971
57972
57981
57991
58023
58027
58057
58065
58077
58081
58085
58105
58120
58130
58151
58153
58163
58169
58198
58210
58215
58215
58231
58238
58249
58256
58257
58263
58267
58276
58301
58311
58332
58415
58428
58455
58481
58491
58511
58525
58528
58550
58563
58569
58584
58605
58609
58615
58644
58708
58727
58790
58835
58851
58866
58895
58927
58965
58998
59017
59032
59043
59082
59108
59116
59131
59153
59163
59188
59207
59245
59253
59277
59313
59323
59327
59341
59366
59387
59388
59402
59408
59414
59455
59521
59529
59541
59558
59576
59576
59612
59648
59652
59677
59677
59679
59706
59709
59716
59783
59800
59815
59828
59869
59887
59913
59923
59926
59945
59975
60033
60034
60039
60051
60071
60074
60086
60092
60113
60144
60144
60147
60148
60150
60158
60184
60191
60215
60269
60317
60330
60336
60371
60378
60397
60404
60412
60419
60429
60433
60438
60497
60507
60543
60587
60611
60658
60662
60678
60680
60706
60713
60718
60738
60753
60800
60824
60837
60911
60920
60929
60946
60956
60977
60998
61002
61021
61058
61059
61060
61085
61123
61134
61160
61238
61257
61350
61363
61498
61529
61543
61596
61596
61612
61623
61679
61682
61689
61698
61744
61751
61759
61767
61812
61890
61901
61904
61911
61918
61999
62046
62052
62065
62074
62103
62105
62107
62208
62212
62235
62241
62247
62254
62257
62298
62306
62339
62386
62391
62411
62420
62434
62480
62487
62493
62510
62517
62534
62553
62573
62585
62592
62616
62622
62622
62629
62679
62723
62737
62747
62749
62794
62798
62832
62852
62874
62890
62937
62946
63003
63019
63026
63045
63074
63101
63108
63140
63147
63155
63213
63228
63253
63295
63320
63333
63335
63371
63394
63421
63445
63483
63583
63585
63643
63651
63674
63693
63727
63729
63748
63753
63758
63798
63819
63820
63820
63828
63828
63849
63854
63880
63890
63897
63903
63959
63959
63960
64047
64059
64104
64106
64128
64135
64139
64185
64186
64188
64222
64223
64231
64236
64261
64309
64311
64357
64375
64388
64405
64412
64434
64469
64490
64505
64527
64532
64558
64559
64565
64581
64599
64605
64610
64640
64652
64666
64731
64755
64786
64795
64822
64854
64890
64902
64923
64957
64958
64973
64976
64997
64998
65008
65013
65021
65069
65077
65108
65128
65147
65159
65160
65177
65194
65241
65243
65252
65282
65294
65297
65306
65319
65320
65382
65383
65438
65454
65474
65506
65624
65625
65628
65657
65677
65678
65699
65708
65711
65736
65744
65753
65845
65863
65876
65888
65915
65969
65972
65999
66002
66050
66053
66092
66118
66127
66142
66145
66154
66184
66213
66229
66243
66303
66344
66351
66351
66351
66389
66396
66403
66438
66450
66474
66474
66489
66503
66525
66541
66567
66589
66646
66687
66698
66709
66715
66740
66750
66756
66769
66791
66792
66828
66828
66840
66856
66895
66896
66920
66921
66944
66946
66955
66959
66969
66975
66985
66996
67011
67014
67016
67048
67056
67075
67087
67143
67147
67169
67171
67201
67226
67233
67241
67254
67281
67287
67293
67303
67308
67309
67342
67361
67366
67399
67404
67518
67566
67585
67593
67609
67625
67629
67643
67682
67690
67691
67743
67807
67827
67838
67841
67923
67924
67929
67970
67971
67972
67992
68030
68058
68071
68071
68081
68084
68096
68096
68117
68140
68142
68169
68175
68199
68215
68279
68279
68307
68319
68342
68360
68377
68386
68403
68413
68420
68478
68488
68522
68529
68535
68540
68576
68627
68641
68665
68679
68688
68692
68737
68749
68758
68762
68808
68815
68819
68822
68841
68865
68866
68893
68913
68915
68916
68922
68923
68957
68970
68974
68979
69041
69041
69056
69143
69184
69221
69235
69263
69307
69336
69362
69403
69467
69473
69480
69480
69482
69510
69547
69553
69577
69636
69640
69640
69645
69671
69671
69714
69728
69743
69749
69755
69776
69782
69859
69866
69873
69916
69946
69952
69958
69971
69978
69993
69998
70003
70021
70062
70062
70091
70119
70126
70158
70184
70198
70204
70238
70242
70321
70333
70341
70349
70370
70468
70512
70526
70533
70538
70582
70615
70643
70648
70680
70696
70708
70731
70781
70828
70831
70837
70839
70843
70881
70891
70923
70926
70927
70935
70955
70973
71046
71083
71093
71094
71105
71108
71140
71141
71147
71178
71199
71216
71222
71242
71246
71260
71318
71327
71368
71379
71406
71409
71419
71432
71522
71525
71543
71643
71644
71665
71749
71767
71797
71861
71872
71872
71910
71935
71938
71943
71953
71988
72006
72013
72014
72018
72063
72064
72074
72108
72128
72132
72173
72217
72273
72284
72313
72363
72385
72398
72414
72424
72436
72440
72493
72493
72508
72532
72556
72584
72600
72624
72636
72645
72646
72661
72694
72728
72749
72785
72794
72835
72850
72902
72930
72934
72964
72978
72986
72993
72995
73002
73042
73094
73101
73102
73124
73139
73150
73156
73170
73183
73205
73243
73254
73285
73322
73323
73375
73394
73410
73490
73492
73493
73509
73598
73601
73620
73693
73734
73737
73742
73747
73815
73820
73820
73847
73854
73904
73906
73959
73960
73966
73976
73977
73992
73999
74017
74024
74107
74168
74180
74212
74237
74247
74268
74293
74306
74337
74355
74372
74394
74396
74405
74405
74408
74424
74460
74490
74516
74517
74536
74540
74595
74607
74609
74621
74621
74661
74661
74673
74692
74797
74797
74799
74803
74837
74839
74844
74859
74867
74920
74933
74951
74960
74963
74964
74975
75004
75027
75043
75054
75054
75073
75091
75126
75126
75181
75197
75231
75270
75305
75368
75368
75376
75379
75387
75423
75437
75461
75466
75473
75483
75505
75506
75540
75600
75606
75631
75637
75651
75661
75686
75695
75734
75741
75746
75771
75796
75828
75834
75899
75979
75985
76028
76047
76065
76070
76071
76094
76095
76133
76164
76166
76220
76222
76239
76244
76246
76250
76266
76306
76311
76333
76350
76363
76370
76383
76390
76390
76398
76403
76417
76443
76457
76483
76487
76510
76532
76636
76652
76668
76674
76691
76714
76720
76723
76763
76772
76792
76810
76821
76824
76860
76880
76896
76924
76986
77081
77095
77100
77115
77122
77131
77166
77168
77189
77237
77290
77338
77356
77358
77364
77378
77422
77428
77442
77476
77496
77496
77514
77516
77531
77537
77543
77563
77579
77614
77617
77645
77677
77682
77707
77717
77737
77757
77805
77807
77814
77833
77844
77859
77900
77914
77923
77968
77973
77979
77985
78029
78034
78087
78099
78111
78142
78152
78174
78190
78257
78265
78296
78299
78339
78392
78410
78462
78472
78541
78542
78554
78573
78578
78595
78670
78680
78683
78712
78733
78736
78736
78745
78746
78809
78821
78909
78921
78925
78931
78944
78953
78991
78997
79022
79028
79037
79046
79098
79102
79108
79120
79163
79185
79237
79260
79287
79336
79366
79414
79498
79500
79505
79510
79529
79533
79549
79570
79574
79578
79582
79598
79655
79657
79664
79666
79668
79697
79748
79749
79755
79768
79774
79826
79836
79841
79851
79878
79923
79925
79955
79960
79981
79982
79987
79996
80080
80089
80116
80121
80167
80175
80221
80223
80261
80284
80318
80333
80342
80352
80366
80372
80378
80381
80451
80492
80521
80559
80591
80593
80636
80657
80664
80714
80716
80733
80759
80774
80819
80833
80883
80913
80939
80965
80989
81014
81026
81067
81076
81107
81124
81129
81134
81154
81172
81179
81193
81194
81212
81221
81222
81274
81295
81296
81296
81310
81317
81340
81368
81388
81462
81466
81482
81527
81532
81535
81565
81570
81571
81581
81585
81646
81646
81649
81688
81758
81773
81779
81824
81827
81834
81834
81884
81891
81902
81947
81975
81982
81993
82009
82059
82100
82150
82153
82158
82161
82165
82180
82186
82225
82242
82252
82259
82309
82326
82334
82344
82383
82396
82435
82450
82465
82522
82550
82585
82586
82592
82609
82630
82640
82648
82706
82719
82764
82779
82784
82837
82859
82880
82902
82921
82944
82953
82988
82989
82990
83005
83028
83029
83037
83045
83065
83083
83084
83089
83107
83130
83167
83212
83219
83221
83368
83369
83390
83405
83453
83457
83493
83513
83515
83543
83565
83594
83603
83613
83695
83700
83716
83718
83718
83770
83790
83816
83820
83857
83874
83921
83926
83978
84009
84013
84041
84045
84061
84082
84110
84142
84145
84181
84223
84229
84231
84232
84235
84256
84262
84267
84321
84367
84406
84436
84438
84448
84450
84467
84498
84504
84506
84536
84547
84552
84606
84632
84648
84655
84658
84676
84765
84768
84810
84819
84824
84826
84840
84886
84914
84931
84943
84952
84955
84982
85012
85030
85033
85044
85048
85070
85078
85161
85180
85198
85232
85233
85233
85283
85292
85308
85326
85336
85356
85385
85432
85441
85443
85540
85547
85556
85576
85642
85644
85776
85820
85853
85875
85877
85912
85913
85918
85935
85961
85962
85997
86015
86047
86049
86070
86071
86112
86195
86246
86255
86259
86296
86305
86321
86339
86342
86346
86357
86381
86422
86425
86433
86435
86436
86444
86459
86488
86501
86511
86511
86528
86546
86577
86582
86586
86598
86634
86668
86683
86686
86731
86788
86793
86845
86864
86866
86871
86903
86926
86932
87104
87136
87147
87191
87213
87244
87245
87258
87263
87265
87274
87291
87311
87332
87374
87393
87419
87455
87499
87531
87549
87561
87563
87569
87588
87588
87627
87636
87661
87665
87710
87727
87801
87814
87823
87865
87881
87887
87887
87900
87955
87980
88000
88002
88049
88055
88071
88074
88077
88092
88126
88148
88171
88174
88175
88178
88182
88207
88252
88279
88295
88336
88364
88383
88396
88421
88448
88449
88477
88486
88490
88516
88541
88550
88557
88560
88567
88618
88622
88628
88677
88679
88705
88758
88775
88786
88801
88851
88898
88903
88919
88949
88991
88994
89059
89078
89086
89139
89140
89156
89184
89197
89223
89224
89226
89274
89292
89314
89329
89340
89345
89368
89370
89390
89405
89413
89464
89466
89478
89501
89508
89511
89512
89512
89526
89539
89571
89572
89591
89593
89596
89628
89684
89712
89776
89791
89809
89816
89857
89915
89949
89952
89954
89956
89965
89966
89976
89980
89984
90089
90110
90132
90134
90162
90195
90196
90243
90252
90301
90306
90331
90364
90390
90392
90419
90444
90451
90479
90496
90497
90522
90543
90546
90554
90597
90617
90618
90620
90628
90634
90689
90691
90700
90774
90782
90866
90944
90946
90993
91004
91027
91030
91047
91093
91129
91133
91140
91145
91145
91164
91180
91182
91199
91202
91257
91281
91298
91306
91330
91332
91344
91362
91365
91372
91377
91396
91409
91415
91437
91459
91494
91507
91517
91539
91542
91561
91564
91572
91590
91613
91624
91626
91631
91642
91662
91677
91690
91700
91731
91754
91778
91830
91854
91856
91872
91932
91937
91943
91950
91952
91963
92018
92086
92106
92107
92113
92130
92141
92194
92211
92233
92245
92246
92262
92295
92317
92324
92329
92360
92368
92380
92421
92434
92440
92440
92450
92460
92476
92491
92505
92517
92526
92543
92568
92615
92752
92757
92765
92795
92796
92835
92874
92875
92880
92882
92888
92902
92931
92953
92958
92965
92975
92975
92982
93000
93015
93028
93045
93081
93098
93127
93129
93137
93152
93217
93254
93271
93300
93312
93316
93377
93409
93415
93446
93450
93457
93459
93494
93495
93499
93502
93503
93507
93515
93517
93517
93526
93552
93553
93557
93560
93567
93568
93580
93611
93611
93668
93670
93697
93717
93735
93761
93788
93795
93806
93822
93897
93908
93969
94006
94008
94067
94132
94139
94166
94170
94174
94197
94208
94210
94224
94230
94242
94252
94269
94326
94346
94354
94363
94380
94380
94386
94413
94438
94483
94537
94564
94613
94634
94658
94662
94688
94706
94716
94740
94757
94821
94825
94834
94844
94868
94878
94908
94909
94937
94948
94977
94994
95000
95051
95072
95091
95096
95110
95128
95139
95143
95154
95186
95272
95273
95276
95303
95317
95331
95384
95406
95408
95418
95429
95454
95508
95518
95525
95530
95536
95542
95542
95568
95637
95642
95656
95673
95676
95723
95747
95751
95855
95886
95907
95926
95930
95960
95973
96001
96028
96038
96068
96070
96072
96089
96101
96101
96115
96117
96135
96174
96184
96216
96233
96251
96274
96281
96285
96394
96396
96399
96417
96423
96432
96477
96482
96524
96537
96537
96542
96567
96573
96573
96587
96630
96647
96657
96659
96660
96671
96699
96704
96741
96783
96806
96815
96829
96836
96838
96854
96854
96895
96902
96920
96926
96941
96990
96995
96999
97024
97034
97036
97059
97075
97082
97087
97095
97150
97170
97179
97212
97270
97294
97307
97321
97332
97332
97335
97341
97368
97382
97410
97426
97440
97467
97497
97520
97568
97571
97634
97654
97658
97661
97678
97687
97712
97713
97728
97730
97755
97765
97786
97788
97797
97798
97811
97827
97844
97855
97860
97884
97885
97907
97960
97962
97983
97988
97994
97994
98007
98028
98031
98075
98076
98083
98095
98125
98125
98244
98260
98286
98320
98333
98354
98407
98416
98451
98460
98520
98541
98545
98545
98551
98562
98576
98593
98620
98624
98698
98699
98764
98767
98799
98847
99003
99037
99066
99131
99145
99151
99152
99219
99227
99230
99239
99281
99339
99355
99360
99362
99368
99405
99423
99442
99461
99462
99495
99523
99547
99574
99582
99588
99656
99704
99712
99714
99718
99755
99757
99759
99857
99879
99882
99916
99922
99925
99949
99971
99977
99986
