9226
16438
38177
69362
18837
43987
66154
25182
16477
7173
91542
10317
98698
62798
5061
97440
11087
91872
8717
30561
52451
49147
41255
68893
61596
29682
58130
70158
84438
28683
88182
23648
81834
98520
78152
73042
17564
5830
74394
34610
70238
22657
8073
96396
60713
45566
54058
91572
38790
80591
54840
45495
54596
43215
49170
91145
57981
94483
79237
25614
24049
61911
16296
69671
13727
24152
14999
81532
64958
13847
61059
67838
20431
16971
58584
16297
75126
71910
58563
71988
96815
72018
38627
74607
13672
91202
20868
45679
90546
88677
41298
56655
76166
33782
52314
76071
24334
96101
29673
42106
29256
99066
42397
48881
15063
18068
31897
82344
22402
95303
8299
99281
32649
60837
32372
66750
28275
54559
68142
14416
49538
93517
98083
74168
13913
88758
97082
82259
44842
6634
77677
89984
97713
24747
27471
79287
65845
38809
44990
85642
4555
88252
33047
27645
72749
82989
64405
44416
89086
37163
88919
1130
57208
53516
19308
20749
12139
44899
95139
21680
34230
58311
1445
65454
4376
89857
6844
7450
68478
72063
46756
78029
58525
33926
24071
18670
68913
9262
18655
41351
50174
53997
30866
560
99971
70333
71105
16314
20926
21299
70731
27962
54636
71943
9961
59341
4012
24257
49866
7576
35876
71953
34785
34623
21973
11780
7124
57331
78142
49258
7072
17362
12874
41680
36533
8004
75231
52933
83107
46790
36285
98767
88074
37655
23137
6482
97634
58644
90691
96995
62212
69056
6880
90522
63320
41575
7056
86195
58276
46717
85033
37876
10329
71522
8320
10320
54748
53646
28320
65008
68140
12156
37730
66589
69480
99131
4538
17273
31411
24293
84009
51890
1212
84235
3295
58085
87499
6019
29177
22737
36131
20635
56829
4077
9367
21928
49168
93526
55978
46040
53903
17022
95973
73960
28249
40004
16472
64139
65708
40039
79657
66503
96482
80378
93568
48309
63228
98799
29373
30870
35361
13978
48178
69184
42356
9165
27568
16517
58605
57590
7480
10617
49534
78034
95429
78953
8287
14481
95384
11792
6278
43394
95186
12648
76714
7593
8409
47760
64047
35068
66792
16007
89512
79655
90497
20254
47596
4244
25540
58301
66959
1524
47745
1781
48914
36335
76070
29066
8680
4019
43188
81585
42540
88178
91700
27230
62737
16425
76222
32699
84982
96417
69755
8308
12194
32751
10295
3477
59783
64923
90419
96920
81388
92211
64640
47969
57971
72128
20204
41753
48098
6431
39071
46349
64532
27081
47700
32757
78736
96399
84450
8494
36005
73102
35807
63583
12398
72424
48830
92086
35490
36284
109
73620
5340
98451
9076
50158
74797
23256
49747
84676
28577
33374
75073
18236
30560
6667
12361
13220
99712
77579
12357
43618
50272
14066
42118
10286
57189
90444
95642
45203
30552
14010
69859
83457
84552
10491
28235
93217
96699
2344
79120
24432
70828
27044
89809
33781
66698
9309
67807
27894
92982
82719
99037
58163
38114
38979
7827
13830
49179
57253
95272
91937
89329
11505
3059
66145
65306
97075
22802
26587
25747
8625
56299
9049
21551
71861
80089
11255
8909
60317
96573
96394
3857
43176
99405
31962
65241
41049
10123
7910
53863
44183
54657
55498
9613
6491
6643
23363
83513
33586
42732
38518
59869
51840
43037
84765
94438
65677
66756
46004
37430
83219
63828
96854
89292
82988
63213
79878
15348
16295
9697
5543
28200
60946
77563
34183
95673
75466
70184
41272
79102
63101
86731
14694
70370
60429
46873
21258
44479
62052
61698
7748
74797
89223
84262
1959
13178
13375
7941
39640
88396
1503
65438
34406
39166
5071
46502
64998
56036
80284
65625
8565
12010
66896
77338
51840
66344
21569
64375
98333
60039
63651
7002
23450
21910
3607
88421
84504
1565
75305
92113
77095
11764
1041
53472
59800
46182
24759
64854
3504
34102
57170
64186
23482
62832
62235
52219
33287
17467
65969
69978
5681
28116
17046
62852
76636
23763
30573
55399
65972
90132
30397
42786
75054
6313
57088
21217
57229
76510
63421
71318
31437
90554
47014
43228
18893
4561
39806
81179
68084
1717
47592
73124
39823
9922
12897
66002
50078
34537
11305
12394
78683
54518
42659
75091
74661
84547
68815
72436
50044
6347
46293
36021
1437
89139
22942
94716
75651
27190
44027
72995
18706
31321
97730
97884
29638
39842
38071
3353
60658
60753
46019
97520
91372
21220
65077
43294
21622
91642
42553
51760
36712
39991
32076
83820
41443
98286
78809
9248
1112
17711
27605
12823
1139
41426
9653
45357
65147
22510
59388
42335
39378
65744
94166
3666
74837
11162
50567
81571
572
61767
79500
10090
12422
4946
99718
67923
29409
21353
24193
66474
49145
61085
28516
32314
4036
6088
23419
75270
22591
18973
53219
23470
15520
13365
13266
53058
61160
40546
68535
54451
97988
72850
20881
42754
8705
98031
30725
84467
3770
13295
20679
2590
50059
31097
49344
907
86444
12031
67087
92233
42630
65506
53102
69645
52209
94197
77189
99759
29625
16205
82784
9635
1834
29245
49787
11037
95530
27303
26534
34140
20963
55297
28375
58215
15055
63880
66828
3345
17830
87191
54361
9951
14629
44327
9070
5034
92194
19155
81107
59245
53760
33983
91129
25229
44249
48292
80559
9805
45693
75796
10996
64652
45572
71643
97332
95855
73094
56097
31189
6092
2646
37995
76239
91677
33025
91396
51621
79664
13796
4846
10376
2981
24626
28525
36079
82009
43835
66687
14807
90110
19816
13962
74517
93028
16875
86577
51134
39542
76065
42105
18363
21772
37425
71419
95926
91626
81134
5081
4230
40817
78991
83368
51095
67309
34140
63003
87900
64976
78462
850
31701
96573
31472
92835
79260
18161
19256
92440
26961
15668
82158
48667
52693
9347
50456
57751
83716
66646
20536
76398
83221
36841
24156
32608
50686
87147
82383
22570
14906
43681
15247
60543
56252
36480
32093
91330
44997
58263
8290
95747
57192
32919
4105
92106
70538
94537
25289
84536
74405
91004
78554
71379
54763
10998
47260
86511
53351
8523
816
3097
85044
17736
41525
23808
19852
89156
85161
30828
14085
63890
66142
55888
18137
71222
86047
7724
75379
98354
55708
89593
56147
59163
39789
33173
74867
30185
30353
21165
19702
93507
247
77814
85283
80167
36666
85556
43157
15436
44713
57800
36782
725
17367
29132
77115
31710
56573
1848
49793
13411
68071
57991
75461
10189
55999
37185
63849
49677
57813
15620
84367
11319
97907
72398
34752
59945
18361
30454
10154
59116
30407
50899
1510
93000
86071
1820
77737
57093
80774
64261
42053
21100
86346
79923
77914
91590
72385
21196
36989
77364
26497
65282
63335
64957
57852
67303
15581
93557
771
90496
33036
2477
81758
52385
63693
31527
92491
22979
95536
4900
95408
95096
77973
32431
64822
67147
91494
10733
81581
56613
97382
74844
92958
29004
70512
62208
37744
49710
19722
96660
731
18214
36745
88567
31409
36121
56235
89274
30912
20707
68420
16228
30154
31930
44039
15309
63903
39974
39230
43406
23856
25578
4295
96101
40744
57523
7417
43950
3875
88477
67743
1762
18594
15621
24992
36514
89591
53158
37530
22993
63854
1263
54607
2377
12111
35988
91507
55851
97095
75637
70843
33721
37687
36570
14625
44359
58927
71083
85070
59313
59648
37562
20307
43879
88448
96135
86788
871
13712
87265
33037
50934
32404
45672
41074
67972
79498
35446
55484
49477
95000
9273
76250
9434
61999
85576
76674
3493
38509
10092
58528
65999
5894
56002
52707
6925
13456
86598
16417
87393
89954
11915
28803
72556
51211
12036
41883
40032
58238
64755
34827
34166
56059
38320
63729
18412
99925
60113
51679
43895
51267
12128
92615
29959
37847
76860
45087
22548
68822
81884
315
58332
71409
91943
84824
73854
17110
444
88336
86070
95656
72074
27729
49040
51714
96704
48489
2228
50800
66229
67011
12666
98847
15783
1364
42058
378
70341
45278
31631
9425
36714
21299
22798
29768
72785
70021
59327
15564
36411
84321
87801
84041
27037
69307
9037
58790
22670
97786
56335
97983
40069
42144
83978
97034
9764
40736
58105
5080
72646
3534
36524
89390
91093
40224
64106
20742
39458
52994
45550
65021
49516
16091
26244
78257
76691
34173
68819
44958
82153
53836
40960
2060
71432
52644
97212
74293
40708
4560
605
93503
55864
85336
29145
85292
71525
20398
89980
67827
39759
14606
14661
57972
94008
25845
50877
39999
26078
38301
46977
73966
28132
38643
47291
14041
29388
10472
94006
10430
52014
89816
83857
32496
54927
50401
46727
76986
99574
77237
70837
212
32018
46792
61238
77707
23729
41154
85961
17453
32424
94174
34736
11362
80333
42554
97332
77900
29331
32658
36513
20807
60150
52355
75483
62890
63758
66856
74180
82059
84256
86112
76266
6270
69041
73492
11113
1099
61002
46207
40381
83083
89140
65128
82435
98562
13578
50780
36468
6903
50378
27161
59188
98416
70781
38847
8709
73906
41404
96537
52290
69958
65678
66975
13391
39345
35910
93908
87881
29869
86528
56379
3030
98576
69577
82837
92765
26804
57337
53703
45509
97678
92931
16408
59253
89413
73693
67690
79982
88490
91754
30235
8624
47844
36685
21855
46315
96281
10929
18974
4151
53743
57754
32272
63959
6255
62629
40596
36095
80989
36380
37657
29597
73847
59277
32929
9675
75695
9673
34322
78541
1280
2816
39908
8206
72532
61751
26238
50729
59558
54495
22765
74673
71141
13685
31736
41494
47692
42888
45357
76246
73992
80318
38125
65297
60269
81982
74951
57269
81824
69640
7571
47280
27602
46019
16169
9262
40121
89226
74408
84232
32624
38029
47529
88174
67169
35770
28057
73999
80965
77122
16502
44596
78746
50353
3592
56621
68117
89314
24400
69671
9150
97087
66050
88207
46468
66403
22844
17219
96274
53677
1688
92882
44544
45334
76094
56132
11202
87627
49565
55110
15322
48845
6674
21407
74621
2868
33891
83089
14255
62339
59414
44709
1691
6723
44217
65177
93611
86686
94948
84013
93137
88903
20646
13510
51657
80521
75985
84223
83926
28625
34427
58998
6638
6663
4183
77168
54110
18748
99151
82944
1318
3360
57111
23152
32858
86668
970
92752
79748
18608
68386
1141
96001
42497
97994
9103
43760
67048
57148
54060
30359
34817
33231
61350
37906
46729
1165
42210
21493
1557
81295
77833
79774
35528
34151
11729
83515
53758
77979
76383
75834
9574
34348
93806
7243
69971
35435
4324
-9
12359
27322
45658
70955
94326
55524
96477
2982
62103
78542
48770
48685
73254
19331
63394
84606
51974
48325
96070
10921
28650
43169
87258
71406
10230
43607
7040
49841
32500
53336
43950
38954
40693
60215
96854
94067
10906
97036
49533
91856
90451
36751
15836
21202
11611
98624
42224
76244
40500
36779
27353
81779
17550
29031
89976
76220
62420
60419
53516
18329
10524
6444
37963
63147
82764
9858
92965
82921
69782
8671
70973
38944
96999
32760
59017
49168
82150
78821
19604
49512
36866
19127
83037
37841
25125
76417
29294
9919
65474
84061
70881
84498
72835
48001
89224
56685
55489
67075
28779
20358
89965
95276
31224
77757
32554
46812
35051
9222
96184
31503
64666
22444
6636
86903
20271
77682
93515
64565
21445
29977
96926
59576
73734
94634
99219
44222
95273
2865
57667
91932
93312
31185
20274
38209
66525
64311
19575
29735
36142
21753
87823
67281
98699
49899
94380
60662
67143
5441
58081
99547
93499
75734
59612
35832
4484
90689
32038
9516
2467
79755
94757
91133
8221
16121
48400
3835
23234
91517
29412
35943
52722
84406
18309
12648
61596
67016
70242
29649
95960
99882
1696
85912
34463
56913
64558
52677
96659
7648
33982
43380
35465
61543
59923
21570
43420
37781
70648
22791
98007
78670
78909
13181
31581
14074
23795
80261
58550
52437
47130
76164
32135
26319
68922
92421
80636
1597
32208
39328
39636
83718
17446
19331
36052
43690
70198
50554
4025
82161
18591
34604
70927
32620
23959
6848
64434
61812
13628
59323
47311
23986
81688
91830
93457
96990
68758
36395
15996
41963
42167
80381
87814
73183
7256
32828
15091
69041
37259
2648
91952
56181
2721
78736
88092
6922
77358
20610
66474
75054
65624
94139
21526
11378
88550
32202
49048
59887
97024
47812
65319
4839
95331
550
61257
30572
23659
45136
20742
54920
6093
13904
6079
97994
94132
56303
1765
41100
32278
56048
77166
25073
53537
36129
62534
64222
41551
69473
87569
21323
17187
74540
48014
54645
52233
9968
72584
40911
4176
74490
9956
13238
89776
65915
29741
33436
6884
52803
54301
59815
91027
5194
14670
84267
96895
75741
62723
42900
87588
75437
37611
86866
12589
1023
74237
24243
82550
66769
1789
35306
79570
26914
59529
274
6166
34686
96174
60433
9088
77356
58481
3029
91963
79666
59677
74799
74017
71260
71242
62573
40023
41471
66709
33750
24155
84648
87332
71046
6318
27238
61759
19835
2997
89915
54568
83005
65159
24474
35261
6084
56095
92329
44354
54673
49988
56234
80759
40477
32474
68915
43045
416
36364
86255
676
72006
47244
18482
39045
42050
15240
7923
44737
98551
47968
21462
83028
26309
39091
4509
59652
63643
47372
14690
49731
67404
20885
46198
18651
5938
42197
41272
15164
9538
93735
34944
92295
10231
8076
25799
55161
92440
58065
50756
65753
54157
67226
10226
41122
80352
3718
50031
89508
94706
66996
53918
81891
13599
67629
5562
94821
29641
57730
95542
38639
53895
37419
70935
73205
66489
94208
97728
74460
36479
99461
77531
22074
71147
51982
29825
10952
45338
99582
18814
68762
40613
25089
77805
3043
93795
67593
92360
97294
86932
96902
91306
32030
83790
8491
28960
5324
35204
5623
58455
61901
23697
82242
31750
57416
70062
70119
66053
51830
82640
27582
68199
53717
95723
54996
6784
29015
21676
73959
65069
85232
29795
48870
90196
56510
66541
55897
98593
19439
74107
12199
5029
71872
32279
32546
85547
67241
187
85233
97179
23101
89952
31435
38459
14613
19971
48898
23711
22186
5751
69873
75899
66740
97307
38664
37026
20136
59709
20657
97960
68970
83565
31073
32216
89478
77422
99986
20535
60800
22065
6744
13944
39846
94354
53997
18357
73490
22328
35323
21950
2931
76483
90628
54430
27529
34031
95886
35522
59975
15911
56251
10270
92434
84448
3049
82180
17044
70003
50537
93127
52284
65863
8558
57503
91344
47487
2032
2761
28179
51787
28640
55507
70708
13769
47702
49074
97797
53050
28542
82465
26733
85820
60397
61021
13876
84110
46013
47615
95091
81193
33330
28809
29570
3714
44806
37746
93822
76792
80833
91437
48473
11005
29030
62254
55645
11764
23952
65160
48352
49214
82225
47093
81310
95525
81368
3309
78265
78099
6234
45186
65657
86546
28810
40709
36982
30143
13008
22592
378
12659
6178
78712
76350
7901
71368
22520
93717
99145
82586
16401
17358
83029
48631
23979
80819
91362
55130
67691
77428
17077
78925
68841
67361
83212
60034
91731
29398
59706
78087
53742
71665
25777
95637
92262
22850
78573
39929
14753
96117
78944
65252
61058
96838
34121
21786
13463
76880
75423
53681
12807
2499
36076
20158
61682
51214
72064
35087
84436
26446
96423
98407
48275
23873
11708
81466
74661
68692
52164
87563
53826
30339
8115
60956
86342
83874
31050
9801
1669
44182
33638
44330
94909
43887
78733
8651
66920
60371
56667
85012
12346
28489
53450
30493
72661
45850
38390
51972
42698
44263
14729
86864
98075
13481
27415
63960
92324
85776
69336
15452
7303
67308
61679
1185
76772
94688
19266
60033
50384
90993
67992
5188
47728
35785
3405
27372
51349
29869
36793
13650
33484
13713
83816
53554
70321
40841
80121
14149
13530
14860
79851
32554
48272
5649
21760
44214
6149
76047
44278
39322
85540
28007
6197
20148
62946
35463
31195
55936
52558
87710
60144
6777
3763
61498
24104
91564
51209
66092
95930
7090
26803
86793
78339
88949
11319
38320
91624
11145
56628
36592
45392
52279
36351
34669
97368
44571
77100
60824
3916
23859
99495
46691
81827
74920
7356
35694
37238
28746
45097
68413
81993
17124
87104
72978
9551
32178
63108
14384
44135
80492
37252
33202
27561
5415
87887
64059
57902
93254
42599
32641
31235
24106
81565
55764
51360
58965
33511
50288
83543
14289
9118
97860
6733
32928
36604
93015
42918
2720
22482
7613
866
72728
25315
59131
23409
33198
68030
94269
52564
63155
12811
38374
33664
89466
23043
71767
12866
60718
27617
20702
65294
62074
97150
33555
36035
24615
32991
23234
13488
28061
28619
82165
39876
82630
58866
32880
21269
95154
42861
20068
86015
58415
50149
38209
76457
41387
66351
47328
82953
15365
72493
18480
92505
76333
53662
24484
41635
90782
9346
92880
41437
5667
20231
62306
52269
13317
5149
15259
16129
12179
2723
48461
7702
88000
83594
96072
96542
83921
47763
61623
50303
9602
44663
3971
75387
44206
33609
62411
9382
17435
99588
68522
73598
81649
77968
18446
72108
57346
58169
73904
49772
91539
1227
84810
93670
36680
10121
45189
73170
7880
89501
93580
99355
53755
75686
37656
32759
36263
38265
22135
45991
51774
41727
42262
81773
92450
32401
42048
62517
92380
15657
95317
17090
22021
97568
17102
67342
4387
57944
44188
34405
21405
87374
28592
56101
97426
5714
32881
38501
15863
50023
2577
40830
41132
75661
43222
39098
64412
37485
36925
38121
14851
29918
11865
62874
55369
55050
96630
90617
12745
2424
57956
916
29715
79505
55471
67014
32021
54688
67682
75126
39084
77516
69480
42002
18337
43305
42276
55923
64973
25695
32360
42780
13711
76723
25661
37552
61904
19283
17212
31656
1460
19164
54816
13605
74536
86259
9727
26172
69510
72964
64795
52272
7530
20410
17601
62622
39601
21580
75606
41156
21999
43432
99857
81014
74960
93459
69403
54713
67585
21219
40456
46052
3459
17590
93788
89340
98545
2488
55777
74396
28533
49957
11490
91199
16048
44521
24927
62679
92368
99656
25177
3133
82990
38910
30137
93668
50098
32634
91180
69221
91140
31264
14777
96251
22024
47253
39874
12025
47937
15382
80714
218
28040
13469
53594
13029
96567
81482
52679
38736
8520
70923
91164
33739
12353
75631
60148
64605
48553
97658
33126
93567
66921
40169
96806
68576
64731
66715
4298
18142
51806
71216
31618
47385
30205
34042
53515
44057
1072
69952
74692
18057
75027
85356
51058
76370
73375
70615
28139
93761
55790
95128
91145
88486
13663
69714
72414
35609
60330
18907
30356
17370
23496
15593
88618
59521
50339
74839
96671
65382
18570
83718
62257
55572
28630
56606
29323
37636
7111
67625
25695
23439
47687
76487
27882
6729
45059
80175
17543
47531
111
47299
82585
21975
72794
26040
40862
30301
6271
60074
73493
66438
71093
29822
86926
76390
89572
53210
2059
79697
25348
87887
47548
89345
21354
52802
79582
66840
82902
11645
49397
78174
6267
30664
34485
90392
17254
13802
75473
73601
97755
16881
70696
17944
58267
44340
10154
9484
14868
98095
84840
39997
48452
98125
79955
67293
52734
92568
77514
26063
53552
86511
56810
93517
7127
26068
37624
14118
27842
49911
38398
30745
72013
31658
15096
13059
41150
80116
30843
97765
66828
14602
8406
17375
81067
45360
77476
61918
55445
59455
66895
12782
59576
69993
41780
85918
13440
68529
47339
16448
76924
96216
54838
89184
95072
19613
22407
93552
82252
44082
49967
55584
49522
57769
85432
65736
7740
8907
17598
60086
88628
44222
17909
89197
51049
33938
39652
19831
69776
7294
72132
12605
59207
64786
22437
22287
10647
64188
33824
26068
30884
94380
34151
3777
36865
96038
38623
21222
35711
63026
93300
97321
8361
15809
14417
75197
91377
81274
56922
23752
41206
55486
198
36795
16087
50331
10183
47431
74964
45270
97788
58257
62937
63371
65013
18090
57035
8268
94210
53148
32451
25659
5427
59108
15698
38730
81646
22976
57621
40319
16366
27620
54896
54015
9281
12307
91409
53342
29311
43737
55047
14871
5338
82648
15083
57242
80451
33207
86634
98541
46127
33288
50705
92476
87244
73815
80593
5113
90700
82100
73322
61060
51698
49362
36040
73820
22041
59679
85997
52462
97341
59387
67254
80372
8324
29091
38635
36566
86357
16574
71199
37533
51694
7110
32189
58120
60378
54636
76824
25153
68081
44624
6874
97844
77985
62105
92246
38132
22899
7282
56973
78931
48200
33682
3101
72902
14549
115
57728
55765
86422
24869
3241
71797
38870
98764
28990
62107
72600
77496
63748
42811
97170
97827
23040
66213
52154
53929
50676
29810
7322
89712
48836
85308
84819
90364
23555
68342
37135
5818
14237
23022
80366
32599
42335
12447
17597
19223
82186
1742
18787
62434
80883
91365
96432
64599
23763
57580
95751
98620
44119
24621
35556
28049
84231
39759
60977
29365
34030
8265
63897
21827
20210
70526
85644
78111
72930
35002
5965
91854
22784
63253
64357
35965
219
88002
44368
72508
31943
18250
87980
13109
91631
32543
994
34553
18973
18590
66396
46668
62493
28333
78578
11686
16894
95907
39319
45544
38702
53605
30609
71327
40340
79028
46472
19946
53886
31144
86246
32271
49588
88541
21826
81570
2880
79336
88071
13534
96783
53446
66389
19290
42424
44453
4721
58569
38743
58077
7303
57283
33263
46907
53160
15329
40068
67929
77844
64997
60929
27523
18808
57888
58428
54343
24610
34672
99462
59082
25059
83065
67566
39392
11666
52751
8088
41920
79529
72363
20613
72694
32057
69743
20178
39854
66303
96089
53173
91690
38464
22301
64902
62391
23477
42401
9896
4020
12110
79022
68916
32604
24884
57262
29251
67233
84506
90134
30169
45920
39636
57158
93081
58708
22406
50805
56408
64469
68403
43405
39352
7980
16359
72313
74247
12068
49961
11391
95406
30687
38586
60911
17194
32186
15736
64610
17811
20190
75376
68488
16191
6114
79578
74372
41072
23400
63295
75979
88679
29136
89571
68749
18850
74516
48581
18930
41262
33825
79510
23969
72273
8345
21840
84952
97270
12782
69998
50838
42349
49923
22291
24876
9749
41447
88898
58198
99949
32435
28957
41174
91778
38221
54467
31173
5332
69640
95518
48851
55190
18398
29837
56831
1906
83405
56048
15870
50819
98545
31669
47991
91257
20966
83167
39800
99757
3706
36162
15049
76720
70643
68679
89511
72493
22814
33704
82334
21103
86321
95051
76306
89464
69636
61689
42482
45167
68215
38620
93502
86433
71749
6808
47818
8807
79414
22900
75540
63333
34974
72636
38467
87549
71935
27571
48710
1424
50512
80913
77081
49610
53977
96068
17865
48073
88077
6161
79037
76896
83453
73742
23985
46186
59828
40062
7868
84886
39550
87561
41969
42293
30690
61123
57251
81975
91030
41949
27548
94878
79185
36896
91459
93045
91415
10662
23115
24196
6608
96537
65711
52308
3257
15807
93494
46140
82609
86435
63820
94170
69916
30314
94834
21295
42406
85935
48085
67366
69143
6831
67201
18198
89539
76363
36860
91613
1948
42297
20403
84658
99879
94740
10180
80939
45632
64490
81124
3899
56712
78296
13766
25592
84181
93129
56950
78997
53890
57104
81172
87136
2111
92245
5178
88295
77131
68279
28920
33437
71108
20646
9432
22914
88557
7887
12586
88991
32574
29650
90946
7922
11365
90866
53384
94363
68641
81340
90252
80664
63819
3258
36677
79996
2018
51956
82326
13645
19066
90390
35450
9393
63798
30191
62386
84082
39334
57911
99239
45054
39437
79841
96587
77807
53296
76133
23094
24582
62510
30331
47758
24775
74268
72934
98076
7804
93897
76028
97654
51419
29740
60706
53055
99442
28018
54807
9997
5850
43149
15561
80080
30412
10713
19731
68808
34762
87588
91662
31332
69482
70204
82859
64890
32613
13910
72014
94242
32411
79366
5230
36209
74424
88801
93152
84655
17366
27116
16343
42223
23432
47553
71178
84943
20117
21694
96524
85078
97712
48942
34257
75181
76532
89370
50720
60051
60587
43071
35254
81947
37499
37411
3151
76668
34179
56415
16498
68175
10996
89596
55138
75043
32536
37828
16061
50298
58256
13870
67287
18332
54194
29205
71246
31276
94825
7090
55803
3979
58511
27630
63828
58615
53722
66944
85875
36623
23796
67399
95454
8084
20858
13154
59408
9339
73977
76821
16162
62487
37189
54953
60497
6907
-2
7380
5160
87274
62065
32881
41396
11168
30665
46209
24180
8778
72645
95110
15955
66351
79533
70062
45549
24724
31750
7920
27936
36648
57494
63674
64388
63045
27243
15294
1383
6705
63585
98320
24593
11327
18364
50490
83045
19035
41154
68665
31708
68923
10170
7772
18944
9530
1344
967
70831
25253
52796
67171
59913
2570
37866
93450
18159
88126
46054
51079
90195
20255
57034
14327
66567
86049
85853
44845
76763
16637
52222
21261
39614
40920
31518
28192
46430
86296
97571
68169
94977
4709
7299
88449
92141
64559
9579
74933
81212
85962
39992
25673
77923
88364
17859
90162
18713
47245
25336
40874
14404
58210
20256
74212
45177
69553
76810
22947
11065
27067
99339
37251
42311
40822
87311
79668
41353
49839
36765
32559
10585
9137
79098
96028
53895
97855
4140
20936
72217
25981
24371
73737
42198
13393
64231
14571
6052
52210
57933
75828
96657
45018
65320
18426
44265
68688
11121
39927
31827
28311
73101
26911
64527
99714
63019
39307
99916
42137
33824
61134
75746
30610
57387
70839
27329
81129
60678
30400
75771
4894
15156
1461
2602
62585
18841
86488
47582
17221
84632
29824
52948
55152
67643
12713
79925
37436
25949
13680
69547
25697
94868
90618
42263
12352
32788
31397
36242
74859
4831
4241
36663
6177
81296
9916
47558
57199
1044
68096
50508
16810
57545
85233
21660
73156
45117
68307
83493
82450
83369
75505
26613
64104
60092
67518
75368
47936
29877
86586
8445
78410
71094
62616
37227
36003
94346
87291
3846
94658
69263
35386
99362
93415
14595
35544
87955
41812
68866
41341
22800
12367
69946
82706
39628
61744
69866
79549
92875
37728
73747
96741
20996
27853
90620
81194
78472
79981
48272
17093
6439
95418
27284
62794
55538
39389
85180
84145
7171
87455
12512
85877
72284
19057
96233
58231
33307
27013
12239
99704
53506
38399
44755
43659
93377
60184
38387
93611
22080
92795
93271
52145
16068
43519
73323
74621
99755
87245
48008
1058
69467
158
44004
93098
63074
78921
49771
54162
9970
41853
97885
16334
39275
43265
79836
55113
30559
74337
81026
46163
92130
93560
39583
41201
35968
83700
37618
30983
86683
98460
97687
1173
55171
3450
87213
82522
2730
7541
57375
13500
20947
13361
21977
49857
53839
80342
11788
19682
93446
26260
64135
44902
91561
36928
94937
39083
3817
52615
32216
66351
95542
12095
34437
30078
11744
99423
66969
91047
32918
33802
85441
28233
55737
54921
56411
62241
41958
50930
37140
18894
5767
37908
43723
59043
4536
49696
72173
24978
45735
3952
23757
70468
49305
10500
25082
26490
24623
5507
68974
1857
88049
15463
28234
25553
89628
86305
86845
47468
31957
28167
22094
3359
90301
45558
18142
23813
81296
45828
41749
31799
98028
84826
83603
92317
60680
77290
35535
18332
81462
1727
54646
45797
81535
544
94252
6597
17426
47751
14503
53516
28941
45048
24777
68071
88279
81317
71938
31902
47805
8664
43848
73509
54750
30496
37175
73394
30624
88516
31832
19776
87419
63445
90479
4188
31533
22523
46777
27532
20436
56829
21585
60071
13110
94230
19873
28415
40575
8948
62298
14702
81527
79163
9064
29371
7629
551
58727
89059
18132
675
83084
68957
46334
77496
87865
44449
46926
82396
17217
53740
34559
85326
64223
88851
75506
67971
31066
94386
35083
86871
70349
88705
39541
89526
50241
3074
12791
69235
64128
35105
7873
45348
85048
85443
13862
36810
87636
92460
46463
86436
42401
64236
1814
4139
28742
6963
79749
97798
32064
10912
80657
90543
14481
84914
7361
86381
178
82779
78745
1252
60404
99152
34622
6773
57022
86459
32036
19612
4364
9027
35989
60438
16980
88775
31680
44242
29825
37806
51784
62747
12017
48670
46428
380
99977
22203
97962
48336
56969
1639
29982
39165
68319
28765
63820
76095
95568
29774
67970
16154
41467
39637
59366
14153
47091
88994
74024
41022
50387
32520
36426
45106
21003
65243
13936
34905
39390
74306
67924
40329
37864
57491
62749
58851
95508
33801
14292
38203
73243
92975
66127
53442
46725
58895
81646
29658
49572
13276
29285
981
89684
68377
60191
43149
89078
711
13643
93316
33362
21560
62480
28195
19459
56876
47623
55423
84931
53772
19765
32523
66985
83613
17883
82309
39230
67056
57498
18678
72440
59716
60336
66955
29094
19628
14409
55356
24169
11553
11383
54533
1905
257
31689
78595
5603
92757
26966
12937
19618
5041
79046
80733
24294
59032
14200
1483
78392
13905
93409
4465
66450
4300
30745
19012
47674
11154
11770
76311
96941
55855
36101
39287
77442
97811
58835
88383
38173
86339
79987
73410
59153
65876
63727
91950
97661
13220
35443
57038
55026
51497
20022
80716
86582
44126
35734
20419
6507
97410
77645
23366
61529
66791
2893
77617
34908
55669
86425
96285
27073
17315
74803
79108
79598
6836
59677
10945
23764
69728
58215
24329
52186
55222
41393
57108
6518
17780
46881
38672
13152
6858
44877
58249
35271
79960
47139
91182
10044
36980
3455
84768
80221
34545
43852
58151
73139
66184
92526
22251
27389
77614
92543
32348
60412
276
46007
87665
23815
97059
35272
91281
97497
48254
32698
62046
51812
47513
38153
16625
53686
48184
87727
846
91298
54445
92975
43657
3264
89791
86501
66243
25259
64185
45678
46153
11390
2287
33705
77378
16782
32850
68360
30357
26521
51315
11976
31992
28932
13984
77543
76652
4886
91332
33426
3994
51454
65108
19860
60147
93553
43678
60507
1636
58609
68627
96115
45688
89512
74609
6341
12259
8373
39356
32395
59926
94413
15138
9441
90597
47063
4093
4875
21210
30657
44626
11649
72624
66946
57536
68058
89405
73150
42713
7535
15630
93969
34780
81834
90331
68979
78190
60144
10311
65194
85913
88622
28141
54696
22670
81222
88786
92517
45991
77717
49924
61363
71644
40722
37913
50253
10149
79574
58057
48143
62553
59402
80223
70680
34103
75004
70582
55060
22419
34650
14106
20941
10065
77859
28455
74975
65628
87661
13848
60611
5232
50900
39194
85198
24281
88055
88148
39166
84045
9856
52864
94908
96829
28661
50680
95676
52496
3581
52883
49594
69749
74963
21352
56991
12232
5167
50896
96647
16740
44220
94994
58491
67841
68865
55207
90306
41240
48329
63959
60158
46975
72993
58023
92888
85030
6124
93697
30475
20167
52435
68737
28220
12885
18901
76403
62592
51844
15308
92796
77537
38344
35857
52202
89966
25153
43975
25601
47435
70926
81154
71543
25920
20112
58153
13805
646
26052
37755
73002
6594
63140
51699
92018
61890
11368
1239
92874
99360
20597
12278
54468
20098
79768
90243
28990
10842
84229
96836
17382
99523
27390
73285
64581
41375
88560
6155
34721
51652
22296
11415
6097
62622
55823
38430
74405
99922
7347
48234
82880
12261
21760
7827
65888
8548
30978
8146
28932
26797
1560
14014
83130
70126
99368
33369
25759
94844
68540
94662
27146
46054
17547
41700
48985
42548
71872
92107
33251
64309
97467
34725
3641
34467
99230
89956
2892
50808
19771
22977
12724
76443
8816
90944
78680
60998
10920
57804
46065
98125
75368
40497
46405
70533
41074
87263
22110
38719
5619
22163
83695
68096
94224
44694
24906
26737
72986
14392
73976
8231
40215
46423
36377
30718
1548
44012
63753
88175
17626
90089
13483
82592
92953
87531
2020
20682
60920
50206
95143
67609
38844
89949
39942
37024
40495
9879
19665
14917
81221
42728
33779
49715
79826
93495
99
17812
48887
39743
36046
18551
64505
27838
58027
43362
81902
15124
37455
59541
27550
19902
76390
39079
65699
49505
43209
24770
66118
75600
94613
94564
2116
84142
29401
16554
74355
19717
23326
10562
83770
3116
22017
60738
98244
43537
7577
22376
68279
1952
24447
71140
19838
42384
98260
22216
29646
44422
90634
30625
25268
83390
73820
22163
78299
88171
26067
99227
81076
84955
65383
70891
26921
62247
89368
14988
11742
12803
55867
30563
90774
48465
70091
99003
63483
44287
8566
97335
20267
29327
8708
4394
33027
28262
34691
45311
9123
35617
74595
61612
85385
92902
28625
